   1.0000000000000000        0.0000000000000000     
   1.0000000000000000       1.00000000000000002E-002
   1.0000000000000000       2.00000000000000004E-002
   1.0000000000000000       2.99999999999999989E-002
   1.0000000000000000       4.00000000000000008E-002
   1.0000000000000000       5.00000000000000028E-002
   1.0000000000000000       5.99999999999999978E-002
   1.0000000000000000       7.00000000000000067E-002
   1.0000000000000000       8.00000000000000017E-002
   1.0000000000000000       8.99999999999999967E-002
   1.0000000000000000       0.10000000000000001     
   1.0000000000000000       0.11000000000000000     
   1.0000000000000000       0.12000000000000000     
   1.0000000000000000       0.13000000000000000     
   1.0000000000000000       0.14000000000000001     
   1.0000000000000000       0.14999999999999999     
   1.0000000000000000       0.16000000000000000     
   1.0000000000000000       0.17000000000000001     
   1.0000000000000000       0.17999999999999999     
   1.0000000000000000       0.19000000000000000     
   1.0000000000000000       0.20000000000000001     
   1.0000000000000000       0.20999999999999999     
   1.0000000000000000       0.22000000000000000     
   1.0000000000000000       0.23000000000000001     
   1.0000000000000000       0.23999999999999999     
   1.0000000000000000       0.25000000000000000     
   1.0000000000000000       0.26000000000000001     
   1.0000000000000000       0.27000000000000002     
   1.0000000000000000       0.28000000000000003     
   1.0000000000000000       0.28999999999999998     
   1.0000000000000000       0.29999999999999999     
   1.0000000000000000       0.31000000000000000     
   1.0000000000000000       0.32000000000000001     
   1.0000000000000000       0.33000000000000002     
   1.0000000000000000       0.34000000000000002     
   1.0000000000000000       0.34999999999999998     
   1.0000000000000000       0.35999999999999999     
   1.0000000000000000       0.37000000000000000     
   1.0000000000000000       0.38000000000000000     
   1.0000000000000000       0.39000000000000001     
   1.0000000000000000       0.40000000000000002     
   1.0000000000000000       0.40999999999999998     
   1.0000000000000000       0.41999999999999998     
   1.0000000000000000       0.42999999999999999     
   1.0000000000000000       0.44000000000000000     
   1.0000000000000000       0.45000000000000001     
   1.0000000000000000       0.46000000000000002     
   1.0000000000000000       0.46999999999999997     
   1.0000000000000000       0.47999999999999998     
   1.0000000000000000       0.48999999999999999     
   1.0000000000000000       0.50000000000000000     
   1.0000000000000000       0.51000000000000001     
   1.0000000000000000       0.52000000000000002     
   1.0000000000000000       0.53000000000000003     
   1.0000000000000000       0.54000000000000004     
   1.0000000000000000       0.55000000000000004     
   1.0000000000000000       0.56000000000000005     
   1.0000000000000000       0.56999999999999995     
   1.0000000000000000       0.57999999999999996     
   1.0000000000000000       0.58999999999999997     
   1.0000000000000000       0.59999999999999998     
   1.0000000000000000       0.60999999999999999     
   1.0000000000000000       0.62000000000000000     
   1.0000000000000000       0.63000000000000000     
   1.0000000000000000       0.64000000000000001     
   1.0000000000000000       0.65000000000000002     
   1.0000000000000000       0.66000000000000003     
   1.0000000000000000       0.67000000000000004     
   1.0000000000000000       0.68000000000000005     
   1.0000000000000000       0.68999999999999995     
   1.0000000000000000       0.69999999999999996     
   1.0000000000000000       0.70999999999999996     
   1.0000000000000000       0.71999999999999997     
   1.0000000000000000       0.72999999999999998     
   1.0000000000000000       0.73999999999999999     
   1.0000000000000000       0.75000000000000000     
   1.0000000000000000       0.76000000000000001     
   1.0000000000000000       0.77000000000000002     
   1.0000000000000000       0.78000000000000003     
   1.0000000000000000       0.79000000000000004     
   1.0000000000000000       0.80000000000000004     
   1.0000000000000000       0.81000000000000005     
   1.0000000000000000       0.81999999999999995     
  0.99777777777777776       0.82999999999999996     
   1.0000000000000000       0.83999999999999997     
   1.0000000000000000       0.84999999999999998     
   1.0000000000000000       0.85999999999999999     
   1.0000000000000000       0.87000000000000000     
   1.0000000000000000       0.88000000000000000     
   1.0000000000000000       0.89000000000000001     
   1.0000000000000000       0.90000000000000002     
  0.99777777777777776       0.91000000000000003     
   1.0000000000000000       0.92000000000000004     
  0.99777777777777776       0.93000000000000005     
   1.0000000000000000       0.93999999999999995     
   1.0000000000000000       0.94999999999999996     
   1.0000000000000000       0.95999999999999996     
  0.99777777777777776       0.96999999999999997     
   1.0000000000000000       0.97999999999999998     
   1.0000000000000000       0.98999999999999999     
  0.99777777777777776        1.0000000000000000     
   1.0000000000000000        1.0100000000000000     
   1.0000000000000000        1.0200000000000000     
   1.0000000000000000        1.0300000000000000     
   1.0000000000000000        1.0400000000000000     
  0.99777777777777776        1.0500000000000000     
   1.0000000000000000        1.0600000000000001     
   1.0000000000000000        1.0700000000000001     
   1.0000000000000000        1.0800000000000001     
  0.99777777777777776        1.0900000000000001     
   1.0000000000000000        1.1000000000000001     
  0.99777777777777776        1.1100000000000001     
  0.99777777777777776        1.1200000000000001     
   1.0000000000000000        1.1299999999999999     
   1.0000000000000000        1.1399999999999999     
   1.0000000000000000        1.1499999999999999     
   1.0000000000000000        1.1599999999999999     
   1.0000000000000000        1.1699999999999999     
   1.0000000000000000        1.1799999999999999     
   1.0000000000000000        1.1899999999999999     
  0.99777777777777776        1.2000000000000000     
  0.99555555555555553        1.2100000000000000     
  0.99777777777777776        1.2200000000000000     
  0.99777777777777776        1.2300000000000000     
  0.99777777777777776        1.2400000000000000     
  0.98888888888888893        1.2500000000000000     
  0.99555555555555553        1.2600000000000000     
  0.99777777777777776        1.2700000000000000     
   1.0000000000000000        1.2800000000000000     
  0.99777777777777776        1.2900000000000000     
  0.99111111111111116        1.3000000000000000     
  0.99555555555555553        1.3100000000000001     
  0.99111111111111116        1.3200000000000001     
  0.99555555555555553        1.3300000000000001     
  0.98888888888888893        1.3400000000000001     
  0.98888888888888893        1.3500000000000001     
  0.99777777777777776        1.3600000000000001     
  0.99333333333333329        1.3700000000000001     
  0.99333333333333329        1.3799999999999999     
  0.99333333333333329        1.3899999999999999     
  0.99333333333333329        1.3999999999999999     
  0.98222222222222222        1.4099999999999999     
  0.99111111111111116        1.4199999999999999     
  0.99111111111111116        1.4299999999999999     
  0.99555555555555553        1.4399999999999999     
  0.98666666666666669        1.4500000000000000     
  0.99111111111111116        1.4600000000000000     
  0.98222222222222222        1.4700000000000000     
  0.99111111111111116        1.4800000000000000     
  0.98888888888888893        1.4900000000000000     
  0.97777777777777775        1.5000000000000000     
  0.98888888888888893        1.5100000000000000     
  0.97333333333333338        1.5200000000000000     
  0.98666666666666669        1.5300000000000000     
  0.99111111111111116        1.5400000000000000     
  0.98666666666666669        1.5500000000000000     
  0.98444444444444446        1.5600000000000001     
  0.97999999999999998        1.5700000000000001     
  0.96888888888888891        1.5800000000000001     
  0.95999999999999996        1.5900000000000001     
  0.98222222222222222        1.6000000000000001     
  0.99111111111111116        1.6100000000000001     
  0.98888888888888893        1.6200000000000001     
  0.98666666666666669        1.6299999999999999     
  0.97777777777777775        1.6399999999999999     
  0.95999999999999996        1.6499999999999999     
  0.99555555555555553        1.6599999999999999     
  0.95333333333333337        1.6699999999999999     
  0.97333333333333338        1.6799999999999999     
  0.97111111111111115        1.6899999999999999     
  0.96222222222222220        1.7000000000000000     
  0.97999999999999998        1.7100000000000000     
  0.96888888888888891        1.7200000000000000     
  0.97999999999999998        1.7300000000000000     
  0.97111111111111115        1.7400000000000000     
  0.96888888888888891        1.7500000000000000     
  0.95999999999999996        1.7600000000000000     
  0.97111111111111115        1.7700000000000000     
  0.97111111111111115        1.7800000000000000     
  0.97333333333333338        1.7900000000000000     
  0.93999999999999995        1.8000000000000000     
  0.96444444444444444        1.8100000000000001     
  0.93999999999999995        1.8200000000000001     
  0.94444444444444442        1.8300000000000001     
  0.95999999999999996        1.8400000000000001     
  0.92888888888888888        1.8500000000000001     
  0.95555555555555560        1.8600000000000001     
  0.95777777777777773        1.8700000000000001     
  0.96888888888888891        1.8799999999999999     
  0.93111111111111111        1.8899999999999999     
  0.93555555555555558        1.8999999999999999     
  0.92444444444444440        1.9099999999999999     
  0.94444444444444442        1.9199999999999999     
  0.93111111111111111        1.9299999999999999     
  0.91333333333333333        1.9399999999999999     
  0.92000000000000004        1.9500000000000000     
  0.94666666666666666        1.9600000000000000     
  0.93111111111111111        1.9700000000000000     
  0.90666666666666662        1.9800000000000000     
  0.89555555555555555        1.9900000000000000     
  0.91777777777777780        2.0000000000000000     
  0.93111111111111111        2.0099999999999998     
  0.91333333333333333        2.0200000000000000     
  0.90444444444444450        2.0299999999999998     
  0.90444444444444450        2.0400000000000000     
  0.89333333333333331        2.0499999999999998     
  0.93555555555555558        2.0600000000000001     
  0.90222222222222226        2.0699999999999998     
  0.93111111111111111        2.0800000000000001     
  0.87555555555555553        2.0899999999999999     
  0.92000000000000004        2.1000000000000001     
  0.86222222222222222        2.1099999999999999     
  0.84666666666666668        2.1200000000000001     
  0.83333333333333337        2.1299999999999999     
  0.85999999999999999        2.1400000000000001     
  0.84444444444444444        2.1499999999999999     
  0.80222222222222217        2.1600000000000001     
  0.87777777777777777        2.1699999999999999     
  0.91111111111111109        2.1800000000000002     
  0.84444444444444444        2.1899999999999999     
  0.84666666666666668        2.2000000000000002     
  0.84888888888888892        2.2100000000000000     
  0.80000000000000004        2.2200000000000002     
  0.83777777777777773        2.2300000000000000     
  0.83999999999999997        2.2400000000000002     
  0.85111111111111115        2.2500000000000000     
  0.87777777777777777        2.2599999999999998     
  0.80666666666666664        2.2700000000000000     
  0.79555555555555557        2.2799999999999998     
  0.82444444444444442        2.2900000000000000     
  0.78444444444444450        2.2999999999999998     
  0.82222222222222219        2.3100000000000001     
  0.82222222222222219        2.3199999999999998     
  0.71333333333333337        2.3300000000000001     
  0.73777777777777775        2.3399999999999999     
  0.80444444444444441        2.3500000000000001     
  0.81333333333333335        2.3599999999999999     
  0.76888888888888884        2.3700000000000001     
  0.71777777777777774        2.3799999999999999     
  0.81777777777777783        2.3900000000000001     
  0.80888888888888888        2.3999999999999999     
  0.81333333333333335        2.4100000000000001     
  0.61333333333333329        2.4199999999999999     
  0.72222222222222221        2.4300000000000002     
  0.70222222222222219        2.4399999999999999     
  0.62000000000000000        2.4500000000000002     
  0.76888888888888884        2.4600000000000000     
  0.72666666666666668        2.4700000000000002     
  0.56888888888888889        2.4800000000000000     
  0.69999999999999996        2.4900000000000002     
  0.78444444444444450        2.5000000000000000     
  0.69111111111111112        2.5099999999999998     
  0.63111111111111107        2.5200000000000000     
  0.72666666666666668        2.5299999999999998     
  0.78000000000000003        2.5400000000000000     
  0.69777777777777783        2.5499999999999998     
  0.66444444444444439        2.5600000000000001     
  0.69111111111111112        2.5699999999999998     
  0.47555555555555556        2.5800000000000001     
  0.66888888888888887        2.5899999999999999     
  0.60444444444444445        2.6000000000000001     
  0.61555555555555552        2.6099999999999999     
  0.70666666666666667        2.6200000000000001     
  0.67333333333333334        2.6299999999999999     
  0.54444444444444440        2.6400000000000001     
  0.64888888888888885        2.6499999999999999     
  0.60222222222222221        2.6600000000000001     
  0.57111111111111112        2.6699999999999999     
  0.59555555555555550        2.6800000000000002     
  0.54666666666666663        2.6899999999999999     
  0.45333333333333331        2.7000000000000002     
  0.52222222222222225        2.7100000000000000     
  0.60444444444444445        2.7200000000000002     
  0.62666666666666671        2.7300000000000000     
  0.56888888888888889        2.7400000000000002     
  0.55111111111111111        2.7500000000000000     
  0.50222222222222224        2.7599999999999998     
  0.46666666666666667        2.7700000000000000     
  0.39777777777777779        2.7799999999999998     
  0.47777777777777780        2.7900000000000000     
  0.48444444444444446        2.7999999999999998     
  0.55555555555555558        2.8100000000000001     
  0.38444444444444442        2.8199999999999998     
  0.26666666666666666        2.8300000000000001     
  0.57777777777777772        2.8399999999999999     
  0.37777777777777777        2.8500000000000001     
  0.32222222222222224        2.8599999999999999     
  0.36444444444444446        2.8700000000000001     
  0.42222222222222222        2.8799999999999999     
  0.51555555555555554        2.8900000000000001     
  0.40888888888888891        2.8999999999999999     
  0.38000000000000000        2.9100000000000001     
  0.52666666666666662        2.9199999999999999     
  0.44444444444444442        2.9300000000000002     
  0.29999999999999999        2.9399999999999999     
  0.32444444444444442        2.9500000000000002     
  0.45111111111111113        2.9600000000000000     
  0.32888888888888890        2.9700000000000002     
  0.40000000000000002        2.9800000000000000     
  0.32666666666666666        2.9900000000000002     
  0.40000000000000002        3.0000000000000000     
