  0.76888888888888884        0.0000000000000000     
  0.14888888888888888       1.00000000000000002E-002
  0.64222222222222225       2.00000000000000004E-002
  0.57555555555555560       2.99999999999999989E-002
  0.29777777777777775       4.00000000000000008E-002
  0.86888888888888893       5.00000000000000028E-002
  0.82444444444444442       5.99999999999999978E-002
  0.57111111111111112       7.00000000000000067E-002
  0.78666666666666663       8.00000000000000017E-002
  0.85555555555555551       8.99999999999999967E-002
  5.11111111111111141E-002  0.10000000000000001     
  0.46222222222222220       0.11000000000000000     
  0.67555555555555558       0.12000000000000000     
  0.72666666666666668       0.13000000000000000     
  0.81777777777777783       0.14000000000000001     
  0.63333333333333330       0.14999999999999999     
  0.33555555555555555       0.16000000000000000     
  0.76444444444444448       0.17000000000000001     
  0.76666666666666672       0.17999999999999999     
  0.76888888888888884       0.19000000000000000     
  0.63333333333333330       0.20000000000000001     
  0.78666666666666663       0.20999999999999999     
  0.29555555555555557       0.22000000000000000     
  0.77555555555555555       0.23000000000000001     
  0.62888888888888894       0.23999999999999999     
  0.73555555555555552       0.25000000000000000     
  0.78000000000000003       0.26000000000000001     
  0.45333333333333331       0.27000000000000002     
  0.30666666666666664       0.28000000000000003     
  7.77777777777777790E-002  0.28999999999999998     
  0.63555555555555554       0.29999999999999999     
  0.71555555555555550       0.31000000000000000     
  0.62444444444444447       0.32000000000000001     
  0.12444444444444444       0.33000000000000002     
  0.83111111111111113       0.34000000000000002     
  0.73999999999999999       0.34999999999999998     
  0.50000000000000000       0.35999999999999999     
  0.68222222222222217       0.37000000000000000     
  2.22222222222222231E-002  0.38000000000000000     
  0.82444444444444442       0.39000000000000001     
  0.66222222222222227       0.40000000000000002     
  0.85999999999999999       0.40999999999999998     
  0.85333333333333339       0.41999999999999998     
  0.78222222222222226       0.42999999999999999     
  0.78222222222222226       0.44000000000000000     
  0.29777777777777775       0.45000000000000001     
  1.11111111111111115E-002  0.46000000000000002     
  0.24444444444444444       0.46999999999999997     
  0.83555555555555561       0.47999999999999998     
  3.11111111111111102E-002  0.48999999999999999     
  0.55777777777777782       0.50000000000000000     
  0.53333333333333333       0.51000000000000001     
  0.81333333333333335       0.52000000000000002     
  0.62222222222222223       0.53000000000000003     
  0.25111111111111112       0.54000000000000004     
  0.61333333333333329       0.55000000000000004     
  0.29555555555555557       0.56000000000000005     
  0.73111111111111116       0.56999999999999995     
  0.41333333333333333       0.57999999999999996     
  0.27777777777777779       0.58999999999999997     
  4.44444444444444461E-002  0.59999999999999998     
  0.43111111111111111       0.60999999999999999     
  8.22222222222222243E-002  0.62000000000000000     
  2.22222222222222231E-002  0.63000000000000000     
  0.57777777777777772       0.64000000000000001     
  0.78222222222222226       0.65000000000000002     
  0.53111111111111109       0.66000000000000003     
  0.26000000000000001       0.67000000000000004     
  0.54222222222222227       0.68000000000000005     
  0.58444444444444443       0.68999999999999995     
  0.22444444444444445       0.69999999999999996     
  0.47333333333333333       0.70999999999999996     
  5.11111111111111141E-002  0.71999999999999997     
  0.31111111111111112       0.72999999999999998     
  0.40222222222222220       0.73999999999999999     
  0.51111111111111107       0.75000000000000000     
  0.44000000000000000       0.76000000000000001     
  0.47999999999999998       0.77000000000000002     
  1.11111111111111115E-002  0.78000000000000003     
  0.44000000000000000       0.79000000000000004     
  0.45777777777777778       0.80000000000000004     
  0.55555555555555558       0.81000000000000005     
  0.15555555555555556       0.81999999999999995     
  0.50888888888888884       0.82999999999999996     
  0.46222222222222220       0.83999999999999997     
  0.35333333333333333       0.84999999999999998     
  0.39333333333333331       0.85999999999999999     
  0.39333333333333331       0.87000000000000000     
  0.44444444444444442       0.88000000000000000     
  0.23555555555555555       0.89000000000000001     
  0.46222222222222220       0.90000000000000002     
  0.22444444444444445       0.91000000000000003     
  0.38888888888888890       0.92000000000000004     
  0.35999999999999999       0.93000000000000005     
  0.48888888888888887       0.93999999999999995     
  0.27555555555555555       0.94999999999999996     
  8.88888888888888888E-003  0.95999999999999996     
  0.35555555555555557       0.96999999999999997     
  0.44888888888888889       0.97999999999999998     
  0.10444444444444445       0.98999999999999999     
  0.19111111111111112        1.0000000000000000     
  2.44444444444444457E-002   1.0100000000000000     
  5.55555555555555525E-002   1.0200000000000000     
  0.19333333333333333        1.0300000000000000     
  6.44444444444444431E-002   1.0400000000000000     
  0.21333333333333335        1.0500000000000000     
  0.15555555555555556        1.0600000000000001     
  0.30888888888888888        1.0700000000000001     
  0.31111111111111112        1.0800000000000001     
  0.16222222222222221        1.0900000000000001     
  2.22222222222222231E-002   1.1000000000000001     
  0.27111111111111114        1.1100000000000001     
  0.27111111111111114        1.1200000000000001     
  0.29777777777777775        1.1299999999999999     
  0.14000000000000001        1.1399999999999999     
  0.10000000000000001        1.1499999999999999     
  0.16000000000000000        1.1599999999999999     
  0.28000000000000003        1.1699999999999999     
  0.19777777777777777        1.1799999999999999     
  0.12000000000000000        1.1899999999999999     
  0.14444444444444443        1.2000000000000000     
  0.16000000000000000        1.2100000000000000     
  0.41555555555555557        1.2200000000000000     
  0.41111111111111109        1.2300000000000000     
  0.21777777777777776        1.2400000000000000     
  0.12222222222222222        1.2500000000000000     
  0.17333333333333334        1.2600000000000000     
  5.99999999999999978E-002   1.2700000000000000     
  8.22222222222222243E-002   1.2800000000000000     
  7.55555555555555564E-002   1.2900000000000000     
  2.88888888888888876E-002   1.3000000000000000     
  0.13333333333333333        1.3100000000000001     
  0.28222222222222221        1.3200000000000001     
  9.77777777777777829E-002   1.3300000000000001     
  0.12000000000000000        1.3400000000000001     
  0.21777777777777776        1.3500000000000001     
  0.28222222222222221        1.3600000000000001     
  0.17333333333333334        1.3700000000000001     
  0.12222222222222222        1.3799999999999999     
  0.10666666666666667        1.3899999999999999     
  0.11555555555555555        1.3999999999999999     
  0.12444444444444444        1.4099999999999999     
  5.99999999999999978E-002   1.4199999999999999     
  1.77777777777777778E-002   1.4299999999999999     
  0.23111111111111110        1.4399999999999999     
  0.18666666666666668        1.4500000000000000     
  0.22444444444444445        1.4600000000000000     
  4.00000000000000008E-002   1.4700000000000000     
  0.33111111111111113        1.4800000000000000     
  4.00000000000000008E-002   1.4900000000000000     
  3.77777777777777782E-002   1.5000000000000000     
  1.11111111111111115E-002   1.5100000000000000     
  7.77777777777777790E-002   1.5200000000000000     
  2.88888888888888876E-002   1.5300000000000000     
  1.55555555555555551E-002   1.5400000000000000     
  0.26000000000000001        1.5500000000000000     
  2.88888888888888876E-002   1.5600000000000001     
  8.44444444444444470E-002   1.5700000000000001     
  0.15555555555555556        1.5800000000000001     
  1.33333333333333342E-002   1.5900000000000001     
  8.00000000000000017E-002   1.6000000000000001     
  1.77777777777777778E-002   1.6100000000000001     
  0.10666666666666667        1.6200000000000001     
  0.11555555555555555        1.6299999999999999     
  6.66666666666666709E-003   1.6399999999999999     
  0.10444444444444445        1.6499999999999999     
  0.14444444444444443        1.6599999999999999     
  5.55555555555555525E-002   1.6699999999999999     
  6.66666666666666709E-003   1.6799999999999999     
  4.44444444444444444E-003   1.6899999999999999     
  0.10000000000000001        1.7000000000000000     
  0.19555555555555557        1.7100000000000000     
  0.27777777777777779        1.7200000000000000     
  4.00000000000000008E-002   1.7300000000000000     
  0.16000000000000000        1.7400000000000000     
  4.22222222222222235E-002   1.7500000000000000     
  0.11777777777777777        1.7600000000000000     
  0.21333333333333335        1.7700000000000000     
  0.13777777777777778        1.7800000000000000     
  3.77777777777777782E-002   1.7900000000000000     
  0.11555555555555555        1.8000000000000000     
  2.22222222222222222E-003   1.8100000000000001     
  4.66666666666666688E-002   1.8200000000000001     
  9.11111111111111149E-002   1.8300000000000001     
  2.66666666666666684E-002   1.8400000000000001     
  5.77777777777777751E-002   1.8500000000000001     
  4.44444444444444444E-003   1.8600000000000001     
  0.12666666666666668        1.8700000000000001     
  5.33333333333333368E-002   1.8799999999999999     
  2.00000000000000004E-002   1.8899999999999999     
  3.55555555555555555E-002   1.8999999999999999     
  0.14888888888888888        1.9099999999999999     
  4.44444444444444461E-002   1.9199999999999999     
   0.0000000000000000        1.9299999999999999     
  2.22222222222222231E-002   1.9399999999999999     
  0.10000000000000001        1.9500000000000000     
  7.55555555555555564E-002   1.9600000000000000     
  1.55555555555555551E-002   1.9700000000000000     
  5.99999999999999978E-002   1.9800000000000000     
  0.12888888888888889        1.9900000000000000     
  3.77777777777777782E-002   2.0000000000000000     
  3.11111111111111102E-002   2.0099999999999998     
  0.17111111111111110        2.0200000000000000     
  7.11111111111111110E-002   2.0299999999999998     
  3.11111111111111102E-002   2.0400000000000000     
  9.77777777777777829E-002   2.0499999999999998     
  0.23555555555555555        2.0600000000000001     
  6.88888888888888884E-002   2.0699999999999998     
  0.17777777777777778        2.0800000000000001     
  6.44444444444444431E-002   2.0899999999999999     
  2.00000000000000004E-002   2.1000000000000001     
  2.88888888888888876E-002   2.1099999999999999     
  1.11111111111111115E-002   2.1200000000000001     
  9.77777777777777829E-002   2.1299999999999999     
  7.33333333333333337E-002   2.1400000000000001     
  0.11333333333333333        2.1499999999999999     
  4.66666666666666688E-002   2.1600000000000001     
  0.12444444444444444        2.1699999999999999     
  4.88888888888888914E-002   2.1800000000000002     
  3.11111111111111102E-002   2.1899999999999999     
  0.12888888888888889        2.2000000000000002     
  4.00000000000000008E-002   2.2100000000000000     
  0.14000000000000001        2.2200000000000002     
  4.44444444444444461E-002   2.2300000000000000     
  0.10666666666666667        2.2400000000000002     
  5.55555555555555525E-002   2.2500000000000000     
  4.22222222222222235E-002   2.2599999999999998     
  4.88888888888888914E-002   2.2700000000000000     
  3.11111111111111102E-002   2.2799999999999998     
  0.13333333333333333        2.2900000000000000     
  1.11111111111111115E-002   2.2999999999999998     
  8.88888888888888888E-003   2.3100000000000001     
  0.12444444444444444        2.3199999999999998     
  1.77777777777777778E-002   2.3300000000000001     
   0.0000000000000000        2.3399999999999999     
  9.11111111111111149E-002   2.3500000000000001     
  1.11111111111111115E-002   2.3599999999999999     
  8.22222222222222243E-002   2.3700000000000001     
  5.77777777777777751E-002   2.3799999999999999     
  1.33333333333333342E-002   2.3900000000000001     
  1.33333333333333342E-002   2.3999999999999999     
  6.66666666666666709E-003   2.4100000000000001     
  2.00000000000000004E-002   2.4199999999999999     
  3.33333333333333329E-002   2.4300000000000002     
  5.33333333333333368E-002   2.4399999999999999     
  0.11777777777777777        2.4500000000000002     
  1.77777777777777778E-002   2.4600000000000000     
  0.12888888888888889        2.4700000000000002     
  1.55555555555555551E-002   2.4800000000000000     
  6.66666666666666709E-003   2.4900000000000002     
  0.11777777777777777        2.5000000000000000     
  6.66666666666666709E-003   2.5099999999999998     
   0.0000000000000000        2.5200000000000000     
  4.44444444444444461E-002   2.5299999999999998     
  3.77777777777777782E-002   2.5400000000000000     
  5.77777777777777751E-002   2.5499999999999998     
  0.12888888888888889        2.5600000000000001     
  0.14222222222222222        2.5699999999999998     
  9.11111111111111149E-002   2.5800000000000001     
  9.33333333333333376E-002   2.5899999999999999     
  0.10222222222222223        2.6000000000000001     
  5.33333333333333368E-002   2.6099999999999999     
  8.44444444444444470E-002   2.6200000000000001     
  8.22222222222222243E-002   2.6299999999999999     
  3.33333333333333329E-002   2.6400000000000001     
  6.22222222222222204E-002   2.6499999999999999     
  6.22222222222222204E-002   2.6600000000000001     
  3.11111111111111102E-002   2.6699999999999999     
  5.77777777777777751E-002   2.6800000000000002     
  6.66666666666666709E-003   2.6899999999999999     
  7.11111111111111110E-002   2.7000000000000002     
  1.77777777777777778E-002   2.7100000000000000     
  3.33333333333333329E-002   2.7200000000000002     
  0.13777777777777778        2.7300000000000000     
  1.55555555555555551E-002   2.7400000000000002     
  2.88888888888888876E-002   2.7500000000000000     
  2.22222222222222231E-002   2.7599999999999998     
  5.33333333333333368E-002   2.7700000000000000     
  4.44444444444444444E-003   2.7799999999999998     
  3.55555555555555555E-002   2.7900000000000000     
  5.33333333333333368E-002   2.7999999999999998     
  9.77777777777777829E-002   2.8100000000000001     
  2.00000000000000004E-002   2.8199999999999998     
  4.00000000000000008E-002   2.8300000000000001     
  3.77777777777777782E-002   2.8399999999999999     
  1.11111111111111115E-002   2.8500000000000001     
  0.11777777777777777        2.8599999999999999     
  6.66666666666666657E-002   2.8700000000000001     
  7.77777777777777790E-002   2.8799999999999999     
  7.77777777777777790E-002   2.8900000000000001     
  2.44444444444444457E-002   2.8999999999999999     
  5.33333333333333368E-002   2.9100000000000001     
  4.22222222222222235E-002   2.9199999999999999     
  3.77777777777777782E-002   2.9300000000000002     
  7.33333333333333337E-002   2.9399999999999999     
  2.44444444444444457E-002   2.9500000000000002     
  0.11777777777777777        2.9600000000000000     
  0.10000000000000001        2.9700000000000002     
  1.11111111111111115E-002   2.9800000000000000     
  0.16666666666666666        2.9900000000000002     
  3.11111111111111102E-002   3.0000000000000000     
