  0.41015625000000000        1.0000000000000000     
  0.32421875000000000        1.0100000000000000     
  0.33984375000000000        1.0200000000000000     
  0.38476562500000000        1.0300000000000000     
  0.28906250000000000        1.0400000000000000     
  0.33203125000000000        1.0500000000000000     
  0.38671875000000000        1.0600000000000001     
  0.36914062500000000        1.0700000000000001     
  0.33203125000000000        1.0800000000000001     
  0.32421875000000000        1.0900000000000001     
  0.38281250000000000        1.1000000000000001     
  0.34179687500000000        1.1100000000000001     
  0.35546875000000000        1.1200000000000001     
  0.35351562500000000        1.1299999999999999     
  0.40039062500000000        1.1399999999999999     
  0.34375000000000000        1.1499999999999999     
  0.38671875000000000        1.1599999999999999     
  0.35742187500000000        1.1699999999999999     
  0.37500000000000000        1.1799999999999999     
  0.39453125000000000        1.1899999999999999     
  0.32812500000000000        1.2000000000000000     
  0.33398437500000000        1.2100000000000000     
  0.33398437500000000        1.2200000000000000     
  0.34375000000000000        1.2300000000000000     
  0.33789062500000000        1.2400000000000000     
  0.32812500000000000        1.2500000000000000     
  0.35937500000000000        1.2600000000000000     
  0.33203125000000000        1.2700000000000000     
  0.34765625000000000        1.2800000000000000     
  0.37695312500000000        1.2900000000000000     
  0.38281250000000000        1.3000000000000000     
  0.35937500000000000        1.3100000000000001     
  0.35546875000000000        1.3200000000000001     
  0.35156250000000000        1.3300000000000001     
  0.35156250000000000        1.3400000000000001     
  0.31835937500000000        1.3500000000000001     
  0.34570312500000000        1.3600000000000001     
  0.33203125000000000        1.3700000000000001     
  0.32421875000000000        1.3799999999999999     
  0.37304687500000000        1.3899999999999999     
  0.38085937500000000        1.3999999999999999     
  0.34570312500000000        1.4099999999999999     
  0.36132812500000000        1.4199999999999999     
  0.34960937500000000        1.4299999999999999     
  0.37304687500000000        1.4399999999999999     
  0.39257812500000000        1.4500000000000000     
  0.36132812500000000        1.4600000000000000     
  0.37109375000000000        1.4700000000000000     
  0.35156250000000000        1.4800000000000000     
  0.36132812500000000        1.4900000000000000     
  0.34765625000000000        1.5000000000000000     
  0.36914062500000000        1.5100000000000000     
  0.39062500000000000        1.5200000000000000     
  0.38281250000000000        1.5300000000000000     
  0.37695312500000000        1.5400000000000000     
  0.39843750000000000        1.5500000000000000     
  0.37500000000000000        1.5600000000000001     
  0.33789062500000000        1.5700000000000001     
  0.36914062500000000        1.5800000000000001     
  0.30078125000000000        1.5900000000000001     
  0.35937500000000000        1.6000000000000001     
  0.36718750000000000        1.6100000000000001     
  0.33398437500000000        1.6200000000000001     
  0.33398437500000000        1.6299999999999999     
  0.30859375000000000        1.6399999999999999     
  0.36718750000000000        1.6499999999999999     
  0.35351562500000000        1.6599999999999999     
  0.39257812500000000        1.6699999999999999     
  0.37304687500000000        1.6799999999999999     
  0.36718750000000000        1.6899999999999999     
  0.31835937500000000        1.7000000000000000     
  0.37109375000000000        1.7100000000000000     
  0.37500000000000000        1.7200000000000000     
  0.33398437500000000        1.7300000000000000     
  0.40234375000000000        1.7400000000000000     
  0.35546875000000000        1.7500000000000000     
  0.36914062500000000        1.7600000000000000     
  0.38671875000000000        1.7700000000000000     
  0.36914062500000000        1.7800000000000000     
  0.35742187500000000        1.7900000000000000     
  0.36328125000000000        1.8000000000000000     
  0.36523437500000000        1.8100000000000001     
  0.32031250000000000        1.8200000000000001     
  0.34765625000000000        1.8300000000000001     
  0.32812500000000000        1.8400000000000001     
  0.32421875000000000        1.8500000000000001     
  0.33984375000000000        1.8600000000000001     
  0.36914062500000000        1.8700000000000001     
  0.39648437500000000        1.8799999999999999     
  0.34375000000000000        1.8899999999999999     
  0.32421875000000000        1.8999999999999999     
  0.36132812500000000        1.9099999999999999     
  0.35546875000000000        1.9199999999999999     
  0.31054687500000000        1.9299999999999999     
  0.39648437500000000        1.9399999999999999     
  0.30078125000000000        1.9500000000000000     
  0.34570312500000000        1.9600000000000000     
  0.32812500000000000        1.9700000000000000     
  0.35742187500000000        1.9800000000000000     
  0.37695312500000000        1.9900000000000000     
  0.35937500000000000        2.0000000000000000     
  0.31640625000000000        2.0099999999999998     
  0.42382812500000000        2.0200000000000000     
  0.33789062500000000        2.0299999999999998     
  0.34570312500000000        2.0400000000000000     
  0.35156250000000000        2.0499999999999998     
  0.37109375000000000        2.0600000000000001     
  0.31250000000000000        2.0699999999999998     
  0.30664062500000000        2.0800000000000001     
  0.34179687500000000        2.0899999999999999     
  0.36914062500000000        2.1000000000000001     
  0.35546875000000000        2.1099999999999999     
  0.37109375000000000        2.1200000000000001     
  0.35351562500000000        2.1299999999999999     
  0.36523437500000000        2.1400000000000001     
  0.34765625000000000        2.1499999999999999     
  0.26562500000000000        2.1600000000000001     
  0.33593750000000000        2.1699999999999999     
  0.32812500000000000        2.1800000000000002     
  0.34375000000000000        2.1899999999999999     
  0.34765625000000000        2.2000000000000002     
  0.37695312500000000        2.2100000000000000     
  0.35546875000000000        2.2200000000000002     
  0.31054687500000000        2.2300000000000000     
  0.35937500000000000        2.2400000000000002     
  0.35351562500000000        2.2500000000000000     
  0.31250000000000000        2.2599999999999998     
  0.33984375000000000        2.2700000000000000     
  0.40820312500000000        2.2799999999999998     
  0.39257812500000000        2.2900000000000000     
  0.32812500000000000        2.2999999999999998     
  0.37500000000000000        2.3100000000000001     
  0.33984375000000000        2.3199999999999998     
  0.40820312500000000        2.3300000000000001     
  0.32421875000000000        2.3399999999999999     
  0.35351562500000000        2.3500000000000001     
  0.35546875000000000        2.3599999999999999     
  0.29882812500000000        2.3700000000000001     
  0.35937500000000000        2.3799999999999999     
  0.37304687500000000        2.3900000000000001     
  0.33007812500000000        2.3999999999999999     
  0.31054687500000000        2.4100000000000001     
  0.29101562500000000        2.4199999999999999     
  0.34960937500000000        2.4300000000000002     
  0.33203125000000000        2.4399999999999999     
  0.35546875000000000        2.4500000000000002     
  0.36914062500000000        2.4600000000000000     
  0.32812500000000000        2.4700000000000002     
  0.29296875000000000        2.4800000000000000     
  0.28320312500000000        2.4900000000000002     
  0.32617187500000000        2.5000000000000000     
  0.38085937500000000        2.5099999999999998     
  0.38476562500000000        2.5200000000000000     
  0.34375000000000000        2.5299999999999998     
  0.37890625000000000        2.5400000000000000     
  0.31640625000000000        2.5499999999999998     
  0.32031250000000000        2.5600000000000001     
  0.30078125000000000        2.5699999999999998     
  0.33593750000000000        2.5800000000000001     
  0.29687500000000000        2.5899999999999999     
  0.35156250000000000        2.6000000000000001     
  0.29882812500000000        2.6099999999999999     
  0.31054687500000000        2.6200000000000001     
  0.30664062500000000        2.6299999999999999     
  0.31640625000000000        2.6400000000000001     
  0.32421875000000000        2.6499999999999999     
  0.31640625000000000        2.6600000000000001     
  0.27148437500000000        2.6699999999999999     
  0.32812500000000000        2.6800000000000002     
  0.30664062500000000        2.6899999999999999     
  0.31054687500000000        2.7000000000000002     
  0.32226562500000000        2.7100000000000000     
  0.33398437500000000        2.7200000000000002     
  0.32031250000000000        2.7300000000000000     
  0.36132812500000000        2.7400000000000002     
  0.35546875000000000        2.7500000000000000     
  0.38085937500000000        2.7599999999999998     
  0.30859375000000000        2.7700000000000000     
  0.31835937500000000        2.7799999999999998     
  0.30468750000000000        2.7900000000000000     
  0.33984375000000000        2.7999999999999998     
  0.30468750000000000        2.8100000000000001     
  0.30859375000000000        2.8199999999999998     
  0.29882812500000000        2.8300000000000001     
  0.34960937500000000        2.8399999999999999     
  0.25585937500000000        2.8500000000000001     
  0.30273437500000000        2.8599999999999999     
  0.35546875000000000        2.8700000000000001     
  0.29492187500000000        2.8799999999999999     
  0.32031250000000000        2.8900000000000001     
  0.36132812500000000        2.8999999999999999     
  0.31835937500000000        2.9100000000000001     
  0.22070312500000000        2.9199999999999999     
  0.34765625000000000        2.9300000000000002     
  0.28515625000000000        2.9399999999999999     
  0.36328125000000000        2.9500000000000002     
  0.30273437500000000        2.9600000000000000     
  0.31835937500000000        2.9700000000000002     
  0.29882812500000000        2.9800000000000000     
  0.32617187500000000        2.9900000000000002     
  0.25390625000000000        3.0000000000000000     
  0.29296875000000000        3.0099999999999998     
  0.32421875000000000        3.0200000000000000     
  0.25976562500000000        3.0299999999999998     
  0.32617187500000000        3.0400000000000000     
  0.33789062500000000        3.0499999999999998     
  0.35937500000000000        3.0600000000000001     
  0.31445312500000000        3.0699999999999998     
  0.29882812500000000        3.0800000000000001     
  0.31640625000000000        3.0899999999999999     
  0.32421875000000000        3.1000000000000001     
  0.29101562500000000        3.1099999999999999     
  0.34179687500000000        3.1200000000000001     
  0.28906250000000000        3.1299999999999999     
  0.27734375000000000        3.1400000000000001     
  0.24804687500000000        3.1499999999999999     
  0.32421875000000000        3.1600000000000001     
  0.33203125000000000        3.1699999999999999     
  0.31250000000000000        3.1800000000000002     
  0.32812500000000000        3.1899999999999999     
  0.24609375000000000        3.2000000000000002     
  0.32031250000000000        3.2100000000000000     
  0.34960937500000000        3.2200000000000002     
  0.30078125000000000        3.2300000000000000     
  0.34765625000000000        3.2400000000000002     
  0.32421875000000000        3.2500000000000000     
  0.30859375000000000        3.2599999999999998     
  0.28515625000000000        3.2700000000000000     
  0.36523437500000000        3.2799999999999998     
  0.34570312500000000        3.2900000000000000     
  0.29882812500000000        3.2999999999999998     
  0.32812500000000000        3.3100000000000001     
  0.33007812500000000        3.3199999999999998     
  0.30859375000000000        3.3300000000000001     
  0.25781250000000000        3.3399999999999999     
  0.31835937500000000        3.3500000000000001     
  0.31640625000000000        3.3599999999999999     
  0.22851562500000000        3.3700000000000001     
  0.26953125000000000        3.3799999999999999     
  0.31054687500000000        3.3900000000000001     
  0.31445312500000000        3.3999999999999999     
  0.25585937500000000        3.4100000000000001     
  0.28906250000000000        3.4199999999999999     
  0.27929687500000000        3.4300000000000002     
  0.31445312500000000        3.4399999999999999     
  0.27734375000000000        3.4500000000000002     
  0.32421875000000000        3.4600000000000000     
  0.31640625000000000        3.4700000000000002     
  0.30664062500000000        3.4800000000000000     
  0.30468750000000000        3.4900000000000002     
  0.33398437500000000        3.5000000000000000     
  0.31640625000000000        3.5099999999999998     
  0.27539062500000000        3.5200000000000000     
  0.27148437500000000        3.5299999999999998     
  0.38476562500000000        3.5400000000000000     
  0.33007812500000000        3.5499999999999998     
  0.31640625000000000        3.5600000000000001     
  0.26171875000000000        3.5699999999999998     
  0.27148437500000000        3.5800000000000001     
  0.25781250000000000        3.5899999999999999     
  0.34960937500000000        3.6000000000000001     
  0.28320312500000000        3.6099999999999999     
  0.33593750000000000        3.6200000000000001     
  0.30273437500000000        3.6299999999999999     
  0.31250000000000000        3.6400000000000001     
  0.25195312500000000        3.6499999999999999     
  0.34375000000000000        3.6600000000000001     
  0.32617187500000000        3.6699999999999999     
  0.25195312500000000        3.6800000000000002     
  0.32421875000000000        3.6899999999999999     
  0.24023437500000000        3.7000000000000002     
  0.26171875000000000        3.7100000000000000     
  0.31250000000000000        3.7200000000000002     
  0.31445312500000000        3.7300000000000000     
  0.31250000000000000        3.7400000000000002     
  0.24414062500000000        3.7500000000000000     
  0.23242187500000000        3.7599999999999998     
  0.31250000000000000        3.7700000000000000     
  0.33789062500000000        3.7799999999999998     
  0.29101562500000000        3.7900000000000000     
  0.27539062500000000        3.7999999999999998     
  0.27148437500000000        3.8100000000000001     
  0.28906250000000000        3.8199999999999998     
  0.27929687500000000        3.8300000000000001     
  0.26757812500000000        3.8399999999999999     
  0.29687500000000000        3.8500000000000001     
  0.30273437500000000        3.8599999999999999     
  0.27343750000000000        3.8700000000000001     
  0.27539062500000000        3.8799999999999999     
  0.24218750000000000        3.8900000000000001     
  0.30859375000000000        3.8999999999999999     
  0.26171875000000000        3.9100000000000001     
  0.25000000000000000        3.9199999999999999     
  0.30078125000000000        3.9300000000000002     
  0.27343750000000000        3.9399999999999999     
  0.31640625000000000        3.9500000000000002     
  0.29296875000000000        3.9600000000000000     
  0.32812500000000000        3.9700000000000002     
  0.23046875000000000        3.9800000000000000     
  0.23828125000000000        3.9900000000000002     
  0.26171875000000000        4.0000000000000000     
